2228
2225
817
0
0
7
3
2
1
1
Victoria
2640
2461
0
0
2644
2462
100
46
46
113
0
0
0
0
1
817
0
0
0
0
0
0
0
0
0
0
0
0
0
3

2640
2461
0
0
2644
2462
100
50
50
0
0
0
0
1
2
26
0
0
0
0
0
0
0
0
0
0
0
0
0
50
1127
1339
50
1
2062
1181
50
1
2204
725
50
1
3236
1008
50
1
4072
801
50
1
1188
1502
50
1
1891
2075
50
1
2702
1648
50
1
2855
2009
50
1
3981
1963
50
1
833
2426
50
1
1610
2338
50
1
2377
2591
50
1
3443
2747
50
1
4142
2753
50
1
717
3429
50
1
2107
3521
50
1
2244
3428
50
1
3154
3205
50
1
4077
3215
50
1
776
3815
50
1
2071
4003
50
1
2210
4113
50
1
2933
3604
50
1
3626
4191
50
1
1261
1364
50
1
1495
1149
50
1
2793
1220
50
1
3218
1295
50
1
3843
764
50
1
1220
1728
50
1
1601
1737
50
1
2311
1956
50
1
3089
1851
50
1
3966
1779
50
1
1394
2743
50
1
1769
2434
50
1
2275
2661
50
1
3280
2420
50
1
3597
2372
50
1
904
2944
50
1
1990
2902
50
1
2679
3430
50
1
3243
3192
50
1
3855
3202
50
1
1138
3719
50
1
1449
3616
50
1
2468
3698
50
1
3200
3815
50
1
4194
3992
50
1
50
1198
865
50
0
1879
887
50
0
2450
1174
50
0
3464
1375
50
0
4145
828
50
0
846
1990
50
0
1522
2071
50
0
2282
1549
50
0
3067
1975
50
0
4049
2009
50
0
945
2148
50
0
1608
2472
50
0
2240
2273
50
0
3417
2519
50
0
3635
2438
50
0
1380
3489
50
0
1711
2909
50
0
2624
2863
50
0
3221
3207
50
0
4025
2936
50
0
798
3549
50
0
2086
4241
50
0
2734
3693
50
0
3083
4125
50
0
3937
3968
50
0
1272
1208
50
0
2048
1329
50
0
2810
1208
50
0
3332
1310
50
0
3880
1272
50
0
1238
1495
50
0
1838
1889
50
0
2379
1793
50
0
3455
1563
50
0
4180
1627
50
0
996
2556
50
0
2000
2172
50
0
2166
2306
50
0
3504
2388
50
0
4164
2185
50
0
888
3159
50
0
1483
3312
50
0
2191
3374
50
0
2901
3490
50
0
3823
3319
50
0
801
3825
50
0
1439
4002
50
0
2762
4215
50
0
3110
4151
50
0
3556
3697
50
0
4
1
208
-782
1
1
80
1
0.2
120
120
200
2
208
5782
1
-1
80
1
0.2
120
120
200
3
-548
442
1
1
100
1
0.3
150
150
200
4
5782
208
-1
1
60
1
0.07
100
100
200
